$ANSIBLE_VAULT;1.1;AES256
32303431373461353134643263323232333762333732333735316334383761303965653230306134
6136326234353837303133323363333730376536306435370a613761613230666639383065653533
64666163633730623232326135383137623632383730623866643435646266633435663439633338
3631323936343039610a363335373335616266316330636564313036646666633335316630343139
64646530393661613432623365323666636161353664363339383937626266643031613132356434
66346632346632616530356431313762373232633764326561356335643734336663313233376563
32306237373432303831336464353265363535663433303162336165393661373966313836366233
39396438383537393362653439633639653432623639336435396533663664343466306437323932
33623166653335303931643736653761643164666137346263353738323935353732383132303731
33623763376330323933366630366365616463653935303566316435633338336139386137636136
30396433643664376238356639643431373931303562316561313661393135663764343832323834
39633330333065633637643166346538316331353431646261333764623466306231343366396431
39636166386230633033336464396433333962343139303965336635396261653534363139333836
32333934303530616238383433656234663238343461303138316339343638646438363364356230
32396462626165343039356430326231646664363633316665386665326331396431663739633233
61653034616666343536343838383131386232653037346436363537306536663066623136316564
36663133356666653736303564633534623565343031363863306166313862613864626532323138
64383966393966366534326332303661626137313532633961613834356131376665663164373664
30353962646635663430623164646235366363653637633165383362643737323966353833663734
65306464333738653233663932626637616237376232633664623930616535353263666463313662
63393766613037346533333463303662333438666538633534326636306461356235366334343938
33356131356531626536363561376635376161643038626162633836303363343663316536666230
66643361643937666432653432646564656165333439303639343561383164393132373630383933
38366165353363373965326235303133383535663231373663363861353433313264303939666361
62613731353230633939626561363939613863303939323132323765613963393332366430343465
32303562386331303538393361313436333639616565613533666261306334323864363062653439
66326430373261633032376363383334393235646361633363343864333364303331623732383364
37663330323363383562386134643661333163373234333235303362633033333464383634306235
31346662353630333134333539666566343030393533303330306666346436613230323364373362
31383665333733386630356564343530386336613638303363356636646239646439363733303333
38316565393334336132323562336134626539643736373232333936643463373836653337363732
62653766396531393861393166326532346631333337623839383161303830316261323633333537
32333765306131663335663131626439613238373864313763333337353331383765646438663634
63656230336263383330343338663937366662636262663738306435643362663737303139306336
34306637316435346363626531343732613361653963323433353535306232383937623865666439
32643965306234386339316230353166386339643832356532666239346132303032366535646332
64393737373839353437386365326631396537333230356436353266346430306332343931333436
39363638306335333632333335646638366666326231636538393633613230626330336139666663
35376638373761623135643061386264653863363433316131333361306434343536373534393032
63656236373835343966633965393131306532353237393064363630646334656432316631396432
36373739643763366265613931373461613338643535333930636532323934326664373231336132
62383230663231323763336535386434336139376164316535363835353936613430353963646366
35353661343739383230313835646634383364303461616638653865353438313432643535646361
65373538306333366561323134616461616233386535643263336234613231653139616363356461
62633763633934613264346262323139663161666634383539393066653164653532383265393765
37633138303265643361383531346165306338656633396465303965646561383031636566623062
36343039636662343262643764313664363465646434376561313533346637373137646266623835
30633061366461653964663365346239346631626330306162386130373862346363366361333139
34326262323866613135356438666433353238633465306135653166623939626534346137663634
30386334313763653735386363623465386363636264623538333766643131316366306262303938
34323739336230666435333838626366313038656663636236376235336434663462373165313465
62336632326538396539346130373238633833386135353065336233346630376331366463376163
63633264326230333330623731363764333038613334623436326632623637323665323033383966
34386532643662623766336336373031323032643037363031313436643564316438313933353263
65313165306261386438383466333937633062396233383337633430626333663133323037393232
30333864336233666434653833613537383139363330623762653866633936386239386161653564
30613435356133356465303132353161643363313438386466646264643134303432393731303765
33326130393661623161313135643737646261353531386565383738323235343563643963333262
38343166633736313135626233363839336663633832633435393934353638653266376432666331
30333534396437646463343731643865393462653561386630393731623232306632376533393731
38373436623438353562343562306236353061393937353838663839363664313665396330396231
34363437393032313065316334663132663666333634666332303365313662383637313463336562
64306639663230333434656661306532386666626635323763333962656562663438383762383165
61376233623061653831326538313538363466653431376136373764373064396432393637313036
64373537363062346265306264626339633336633065653262366661336138343935666161383763
64316461373233363265656535316663306231373233363065323530393966656230613532383862
33616133356463316263323639636134386533393530323964373337376434346536613133333138
33653730383661396630353362396662613134303962353730623261393238303931366164616336
61323638643938383238383664303933343635386539653932396432636464666339623432663232
32616664653863373564353038363034373437396133323334383733323764666635333738316361
37373531363564646131363062333065383537623937343234376632366333373934343739363564
30646466306235336361643232346139336531663633376563323232346266313164363864396563
63376239656663323538343934663438303435623162666535333332326135643063306437326134
33323739313935656334336362646364633630633063383364613237616231366134653139396464
66373464613439663832623961313062306266346535396236356263613333623265323337356534
34616330613461363635303936616333666132363235363862313232356332313665653839636436
36303430326531663263363539333363363761396662353834393034363362306134333764333164
66393030663661336463373930313164343038356135653265636430333235663630623731363262
62626634623637303461383266626433366330663966636539383566316435656664346136636138
36663939313332353433653535316639316564653432316531376164353264336636316533623137
61653836373133316234303063393865643564376464323034373835336664383861643165366162
32633836653734616331636237346365306530316538663065326238663439663065616437333638
32383833623937333434643833356537356632623663633738383766623036663134666435613263
36353632623266363133356230663064376534383339383433336162343461666333626161656334
39333730323234386466303230656561316337373438653435316161393566613339326262646161
30336431356337306364313337616539326664653930633834343432306333343535373362623561
39316635373832303066366566393135666132633336373165323866373039643635616234366564
31343661393061343235346137623165393838303533316236303932333637636637393338396661
64356664303262313334666466333737643839323931383762353238363332373764373835346635
65323261323864343730613465623466383765633039653030666532343036646335396235333564
63356363636137376530326361323263363935666232356533346564353866303763363235323635
35343034656434346330653764313639616431316431326537393861663963353030366538396366
35653565353933333338336534326464386365626539626536386130633535373264313432316139
61393766353766656333373437353331353837353765353239636565653261616638363666383866
35623664343534383631376336663136643930366161623062383436353165633663393365636237
36613837363130383064646633393935313961623961316463373232613764303834666164663038
37343462313165663961303265323730666538353734616332386435363231376461633162333233
62653539623539396662376431356538346339303739373036306231636336333566313336323961
66366366653732396530303465383738646263626334346336313736316633396161316465633766
62333164303061616562663763326339623262383661396232646635383336663139313161636133
38623366663230663733376535346263313436356464313630373162353539633531346264646639
36613166353934313466313939376565393639306230666232303039366137373462616665646438
31316362663866643164363034623632323565643939666162333761353765626461656233396436
32646261313664383031326462623231653266373533653036363366653336346337363466633138
63633166376362636233633030366537383763343064343439643634313131366664333166633431
35396531303463303934383361313637643465396261343935623935653036613366633238363437
31346631653063346164663535376634663936313634396430303633303837336564363636383766
30643432653330396465643539633166376539633632316334363032356231306561373536613536
66646133343864313763303435343936626364383761373265343634316530303966616631316334
39356638306530326466363964316664646461643231383033363336343462386538376264303363
33393137633763363039306137373366666634333966376631653539343863353865633666363863
35653938386532613261643533353566393964636565393264663431366239326233623836663338
61393739306138643435316635303039333565666266393238653561336163373361353064346333
37303363323261396635323866326165656461346562646534356366313961626334643436323037
38346132643266383938666233393261656135313261363433613032376239303764396139343639
63643836343563343238336564646538316535393236663733363635323232653234303332616561
66636530323266666136643138626637303832333231666361376639323730316433323436313737
31373730336564376661386237333164383263323937613530326131613030333964326537393131
33373537613139366532626565653739643934613030386533613366643565643730323334323131
36306232323765383665376163336338356437333064346239313539333936316135646632376237
35316165346130313933373231616436643334363564613030636663386434343430333834363061
65613763343262663164313530316130646437323430613563306430303162306239643933613335
34373831326161626433646562643261396432383436303362636137396264613632303537336437
61363831643438626364333839343766326335626239323362616636373061366437346465373161
63313637343131393731343832653030376663393731636436323162656563633161666431316137
38633039303961386163643933343165643765353664343336343730646339313636393731306434
30386239303537656563653038313139336437353634353138303939646532643862346137663635
64353735613239653438633163643533316362326336613031613964383033313663653839363630
30626132313831393737653434323661343531316463373738333562323761316437313234383031
30366234656264653263376463396533336664303535656130613033346138616364393537353538
38666632343436346435663664386333646335666339616637373330343130373263386434623339
64343363633932613830326135633736363366353632366562383030303766623437663065306231
33393637306363326563656332323764346431623231326336633234326430356561353336306331
6436656330613339326239636434373065613432613963383535
